"","IWAH_Identify_with","IWAH_care","IWAH_help","ALT"
"1",11,12,9,32
"2",14,12,12,38
"3",11,11,10,32
"4",8,6,8,22
"5",8,9,10,27
"6",7,7,9,23
"7",9,9,9,27
"8",10,9,11,30
"9",12,7,7,26
"10",5,8,5,18
"11",12,15,12,39
"12",9,9,11,29
"13",12,12,12,36
"14",9,6,7,22
"15",9,9,12,30
"16",7,8,8,23
"17",10,12,11,33
"18",9,9,9,27
"19",8,10,9,27
"20",9,12,12,33
"21",8,8,7,23
"22",9,9,9,27
"23",8,9,15,32
"24",14,10,9,33
"25",9,9,9,27
"26",11,11,14,36
"27",13,15,11,39
"28",14,12,12,38
"29",7,6,6,19
"30",7,7,5,19
"31",14,15,13,42
"32",9,9,9,27
"33",12,12,12,36
"34",11,12,8,31
"35",8,7,8,23
"36",8,6,9,23
"37",12,12,12,36
"38",6,6,7,19
"39",12,12,15,39
"40",11,12,12,35
"41",9,9,9,27
"42",7,7,8,22
"43",4,5,5,14
"44",13,12,13,38
"45",12,15,15,42
"46",13,15,12,40
"47",14,14,12,40
"48",12,12,12,36
"49",7,9,6,22
"50",14,15,10,39
"51",7,7,9,23
"52",7,5,6,18
"53",5,5,5,15
"54",8,9,8,25
"55",9,9,7,25
"56",10,10,10,30
"57",9,9,7,25
"58",8,9,8,25
"59",9,3,4,16
"60",3,3,3,9
"61",6,6,4,16
"62",12,12,12,36
"63",7,9,6,22
"64",10,14,10,34
"65",10,13,13,36
"66",12,13,12,37
"67",7,8,6,21
"68",15,15,15,45
"69",9,9,9,27
"70",8,11,15,34
"71",13,13,13,39
"72",9,12,11,32
"73",9,9,9,27
"74",9,9,9,27
"75",8,9,9,26
"76",15,13,13,41
"77",12,12,13,37
"78",8,7,9,24
"79",11,10,10,31
"80",12,12,12,36
"81",11,12,12,35
"82",13,15,8,36
"83",6,7,6,19
"84",11,8,10,29
"85",9,10,15,34
"86",15,15,15,45
"87",7,6,3,16
"88",6,6,6,18
"89",8,8,10,26
"90",12,12,10,34
"91",8,9,8,25
"92",6,6,6,18
"93",9,9,11,29
"94",9,10,8,27
"95",9,8,9,26
"96",5,6,9,20
"97",10,10,10,30
"98",10,10,11,31
"99",13,12,15,40
"100",3,3,3,9
"101",12,12,12,36
"102",9,10,9,28
"103",6,6,6,18
"104",9,9,9,27
"105",9,11,11,31
"106",12,12,13,37
"107",12,12,12,36
"108",9,9,9,27
"109",10,12,13,35
"110",9,9,9,27
"111",13,10,9,32
"112",9,9,9,27
"113",8,9,9,26
"114",12,12,12,36
"115",9,9,9,27
"116",9,9,9,27
"117",12,12,12,36
"118",6,6,6,18
"119",6,6,6,18
"120",9,13,13,35
"121",12,10,12,34
"122",9,12,12,33
"123",5,6,9,20
"124",5,5,5,15
"125",15,15,15,45
"126",9,9,9,27
"127",12,10,10,32
"128",10,12,11,33
"129",9,9,9,27
"130",8,8,10,26
"131",7,3,3,13
"132",12,12,10,34
"133",10,12,9,31
"134",11,15,15,41
"135",8,8,10,26
"136",9,10,11,30
"137",9,9,9,27
"138",13,12,15,40
"139",11,13,12,36
"140",10,9,9,28
"141",9,8,10,27
"142",12,13,11,36
"143",8,3,6,17
"144",7,10,10,27
"145",13,11,11,35
"146",9,15,12,36
"147",12,13,13,38
"148",9,6,7,22
"149",11,10,10,31
"150",10,11,9,30
"151",9,9,9,27
"152",12,12,12,36
"153",12,9,9,30
"154",13,15,15,43
"155",9,12,11,32
"156",7,9,6,22
"157",15,15,11,41
"158",9,9,9,27
"159",9,8,7,24
"160",8,10,8,26
"161",10,12,12,34
"162",7,8,13,28
"163",10,10,11,31
"164",11,12,12,35
"165",12,12,12,36
"166",11,11,12,34
"167",10,11,12,33
"168",12,13,15,40
"169",11,11,10,32
"170",7,7,7,21
"171",13,13,12,38
"172",10,12,13,35
"173",8,13,15,36
"174",8,8,10,26
"175",14,12,12,38
"176",12,12,9,33
"177",9,9,9,27
"178",8,10,14,32
"179",10,12,9,31
"180",12,10,7,29
"181",15,15,15,45
"182",12,12,12,36
"183",15,15,12,42
"184",11,9,9,29
"185",6,6,6,18
"186",12,15,15,42
"187",9,9,9,27
"188",12,13,13,38
"189",14,13,13,40
"190",10,10,9,29
"191",7,7,6,20
"192",9,9,9,27
"193",3,4,5,12
"194",11,12,12,35
"195",10,12,12,34
"196",13,11,13,37
"197",10,11,10,31
"198",11,15,15,41
"199",11,10,6,27
"200",5,5,5,15
"201",12,12,8,32
"202",6,7,10,23
"203",9,9,9,27
"204",7,9,9,25
"205",5,6,3,14
"206",13,15,15,43
"207",12,10,8,30
"208",12,12,12,36
"209",10,11,12,33
"210",9,9,9,27
"211",12,15,15,42
"212",8,12,9,29
"213",10,10,15,35
"214",9,9,9,27
"215",5,6,4,15
"216",9,12,9,30
"217",8,11,11,30
"218",11,13,13,37
"219",10,10,9,29
"220",9,9,9,27
"221",13,12,12,37
"222",12,13,15,40
"223",5,3,12,20
"224",9,9,9,27
"225",9,9,9,27
"226",10,12,9,31
"227",7,8,9,24
"228",8,9,9,26
"229",11,12,9,32
"230",9,12,12,33
"231",7,9,12,28
"232",12,12,12,36
"233",9,9,9,27
"234",9,9,10,28
"235",11,10,11,32
"236",13,14,15,42
"237",9,12,12,33
"238",7,5,7,19
"239",12,12,12,36
"240",8,12,15,35
"241",9,10,10,29
"242",12,15,15,42
"243",12,15,13,40
"244",9,8,8,25
"245",7,5,7,19
"246",6,6,6,18
"247",14,11,11,36
"248",11,15,9,35
"249",12,12,12,36
"250",11,12,12,35
"251",11,12,12,35
"252",9,14,11,34
"253",9,9,9,27
"254",13,9,15,37
"255",9,13,12,34
"256",7,7,8,22
"257",12,11,8,31
"258",9,9,9,27
"259",7,6,11,24
"260",9,9,9,27
"261",9,8,8,25
"262",10,14,14,38
"263",8,10,10,28
"264",13,14,9,36
"265",8,8,6,22
"266",15,15,12,42
"267",12,12,12,36
"268",10,10,9,29
"269",6,8,7,21
"270",4,4,4,12
"271",5,8,9,22
"272",10,9,8,27
"273",7,8,9,24
"274",14,15,15,44
"275",9,10,9,28
"276",10,10,9,29
"277",3,3,3,9
"278",8,10,8,26
"279",12,13,15,40
"280",9,9,9,27
"281",11,12,9,32
"282",12,15,13,40
"283",11,11,13,35
"284",10,10,9,29
"285",12,13,13,38
"286",10,9,9,28
"287",11,15,15,41
"288",8,10,8,26
"289",9,10,9,28
"290",10,11,12,33
"291",9,6,6,21
"292",9,9,9,27
"293",13,12,12,37
"294",15,15,12,42
"295",11,11,10,32
"296",11,14,13,38
"297",9,8,8,25
"298",8,13,11,32
"299",9,10,10,29
"300",8,9,10,27
"301",4,7,6,17
"302",12,12,11,35
"303",3,3,4,10
"304",6,6,6,18
"305",7,9,6,22
"306",12,15,15,42
"307",8,10,9,27
"308",10,12,15,37
"309",7,8,8,23
"310",7,11,11,29
"311",9,9,9,27
"312",8,9,6,23
"313",11,15,15,41
"314",10,9,6,25
"315",12,12,12,36
"316",9,9,9,27
"317",6,6,7,19
"318",9,11,12,32
"319",11,12,11,34
"320",5,4,4,13
"321",13,12,10,35
"322",9,9,9,27
"323",11,9,15,35
"324",9,9,9,27
"325",10,11,10,31
"326",15,15,15,45
"327",6,5,8,19
"328",10,13,12,35
"329",9,13,11,33
"330",12,11,11,34
"331",12,15,10,37
"332",12,12,12,36
"333",14,12,14,40
"334",12,11,11,34
"335",12,12,12,36
"336",9,9,10,28
"337",10,9,11,30
"338",9,12,10,31
"339",7,7,8,22
"340",7,8,10,25
"341",10,12,12,34
"342",12,12,12,36
"343",9,10,9,28
"344",8,9,7,24
"345",11,10,12,33
"346",5,6,6,17
"347",14,15,15,44
"348",6,6,6,18
"349",12,12,13,37
"350",9,9,9,27
"351",13,14,12,39
"352",15,15,15,45
"353",14,15,15,44
"354",10,14,15,39
"355",11,15,15,41
"356",8,12,15,35
"357",10,12,11,33
"358",9,11,10,30
"359",13,14,14,41
"360",7,6,6,19
"361",10,12,11,33
"362",10,12,12,34
"363",7,7,9,23
"364",6,7,7,20
"365",11,10,10,31
"366",8,9,11,28
"367",11,12,12,35
"368",13,15,15,43
"369",5,9,6,20
"370",12,15,15,42
"371",7,6,6,19
"372",11,11,12,34
"373",13,15,12,40
"374",9,9,9,27
"375",11,14,12,37
"376",3,3,3,9
"377",6,7,5,18
"378",9,9,11,29
"379",11,12,12,35
"380",8,9,9,26
"381",12,13,12,37
"382",9,9,9,27
"383",8,6,4,18
"384",12,12,12,36
"385",14,14,14,42
"386",9,9,9,27
"387",10,12,12,34
"388",7,9,7,23
"389",11,13,12,36
"390",11,13,12,36
"391",9,9,9,27
"392",10,12,12,34
"393",10,15,15,40
"394",11,11,10,32
"395",14,14,14,42
"396",5,6,9,20
"397",13,12,13,38
"398",3,3,3,9
"399",9,9,9,27
"400",9,10,10,29
"401",10,10,10,30
"402",9,8,7,24
"403",11,9,9,29
"404",11,13,10,34
"405",11,12,11,34
"406",8,8,9,25
"407",9,9,9,27
"408",9,7,6,22
"409",8,9,9,26
"410",7,8,5,20
"411",12,10,10,32
"412",8,7,8,23
"413",9,9,9,27
"414",13,13,13,39
"415",10,11,11,32
"416",10,10,9,29
"417",12,12,12,36
"418",10,12,12,34
"419",10,12,12,34
"420",9,9,9,27
"421",12,14,12,38
"422",8,8,6,22
"423",7,11,11,29
"424",5,6,6,17
"425",12,13,12,37
"426",8,13,13,34
"427",15,15,15,45
"428",8,9,9,26
"429",13,13,12,38
"430",11,12,12,35
"431",8,11,15,34
"432",6,6,7,19
"433",7,9,7,23
"434",9,10,10,29
"435",13,15,12,40
"436",9,9,9,27
"437",11,9,15,35
"438",10,9,6,25
"439",13,15,15,43
"440",7,7,7,21
"441",6,6,5,17
"442",9,9,9,27
"443",15,15,15,45
"444",5,7,5,17
"445",9,10,13,32
"446",14,14,15,43
"447",9,11,6,26
"448",12,10,12,34
"449",14,15,15,44
"450",12,12,10,34
"451",10,9,11,30
"452",4,6,6,16
"453",7,7,8,22
"454",12,12,12,36
"455",15,13,13,41
"456",9,10,9,28
"457",14,13,12,39
"458",9,9,9,27
"459",10,9,10,29
"460",12,12,12,36
"461",9,9,9,27
"462",13,15,15,43
"463",9,9,10,28
"464",9,9,9,27
"465",9,9,9,27
"466",9,9,9,27
"467",10,13,6,29
"468",11,9,9,29
"469",15,15,13,43
"470",10,11,10,31
"471",9,9,9,27
"472",14,14,14,42
"473",6,5,4,15
"474",12,12,12,36
"475",9,9,9,27
"476",6,6,5,17
"477",11,10,9,30
"478",6,8,8,22
"479",9,13,9,31
"480",11,15,15,41
"481",8,9,8,25
"482",8,7,7,22
"483",9,10,9,28
"484",12,12,12,36
"485",4,5,5,14
"486",6,6,9,21
"487",11,11,10,32
"488",9,8,9,26
"489",11,10,10,31
"490",11,8,8,27
"491",9,9,9,27
"492",13,15,11,39
"493",12,15,15,42
"494",11,13,7,31
"495",11,10,11,32
"496",10,10,8,28
"497",15,15,14,44
"498",11,12,12,35
"499",9,9,9,27
"500",13,13,13,39
"501",12,12,12,36
"502",15,15,15,45
"503",8,9,8,25
"504",13,15,13,41
"505",14,12,12,38
"506",6,6,6,18
"507",9,9,12,30
"508",11,12,13,36
"509",7,9,8,24
"510",9,9,9,27
"511",10,11,8,29
"512",13,15,15,43
"513",10,11,9,30
"514",8,6,7,21
"515",9,9,10,28
"516",15,15,15,45
"517",9,12,9,30
"518",9,9,9,27
"519",9,11,9,29
"520",10,10,10,30
"521",11,12,11,34
"522",9,9,9,27
"523",11,11,7,29
"524",11,10,10,31
"525",11,11,11,33
"526",10,10,11,31
"527",5,5,5,15
"528",12,12,12,36
"529",9,8,7,24
"530",12,13,13,38
"531",12,12,11,35
"532",9,10,12,31
"533",12,12,9,33
"534",8,9,8,25
"535",10,12,12,34
"536",11,12,12,35
"537",6,6,6,18
"538",3,3,15,21
"539",11,15,9,35
"540",13,13,13,39
"541",12,12,6,30
"542",9,10,9,28
"543",5,9,11,25
"544",12,11,11,34
"545",12,12,12,36
"546",12,12,12,36
"547",9,9,9,27
"548",10,10,9,29
"549",12,12,11,35
"550",8,10,12,30
"551",9,9,9,27
"552",7,11,8,26
"553",11,15,12,38
"554",7,6,9,22
"555",6,6,6,18
"556",12,15,15,42
"557",8,9,8,25
"558",9,9,9,27
"559",14,15,15,44
"560",7,7,9,23
"561",11,11,10,32
"562",12,12,12,36
"563",13,15,15,43
"564",14,13,15,42
"565",12,15,15,42
"566",9,9,9,27
"567",9,9,9,27
"568",3,3,3,9
"569",5,7,8,20
"570",9,9,9,27
"571",12,15,12,39
"572",9,11,11,31
"573",14,12,12,38
"574",10,9,10,29
"575",12,11,11,34
"576",8,9,9,26
"577",7,9,8,24
"578",11,12,8,31
"579",10,9,9,28
"580",12,13,12,37
"581",12,14,11,37
"582",13,14,12,39
"583",9,11,9,29
"584",12,11,12,35
"585",9,9,9,27
"586",6,6,5,17
"587",3,3,3,9
"588",7,6,7,20
"589",10,12,12,34
"590",13,15,13,41
"591",6,6,12,24
"592",10,12,10,32
"593",14,14,13,41
"594",12,12,12,36
"595",7,6,6,19
"596",14,12,12,38
"597",9,9,10,28
"598",11,11,12,34
"599",9,9,10,28
"600",10,12,11,33
"601",11,8,9,28
"602",11,12,9,32
"603",12,11,11,34
"604",3,3,11,17
"605",9,9,9,27
"606",7,9,6,22
"607",12,12,13,37
"608",10,11,11,32
"609",12,12,11,35
"610",15,15,15,45
"611",9,9,9,27
"612",11,15,15,41
"613",9,9,9,27
"614",6,5,9,20
"615",7,8,7,22
"616",12,12,12,36
"617",12,14,12,38
"618",6,9,8,23
"619",10,12,12,34
"620",8,8,9,25
"621",8,12,15,35
"622",11,9,7,27
"623",9,9,9,27
"624",6,8,7,21
"625",7,11,14,32
"626",12,12,12,36
"627",9,8,8,25
"628",15,15,15,45
"629",7,7,7,21
"630",14,15,15,44
"631",9,9,11,29
"632",15,15,15,45
"633",6,6,7,19
"634",12,10,10,32
"635",7,10,9,26
"636",12,7,11,30
"637",7,9,5,21
"638",13,13,12,38
"639",13,15,14,42
"640",7,8,8,23
"641",9,9,9,27
"642",9,12,9,30
"643",8,12,12,32
"644",11,10,10,31
"645",6,8,9,23
"646",12,10,11,33
"647",14,15,15,44
"648",11,12,12,35
"649",9,10,9,28
"650",9,9,9,27
"651",11,14,14,39
"652",9,12,11,32
"653",12,12,12,36
"654",15,15,15,45
"655",10,13,12,35
"656",9,9,9,27
"657",9,9,9,27
"658",7,8,10,25
"659",12,12,10,34
"660",6,7,8,21
"661",12,12,11,35
"662",11,10,9,30
"663",9,9,9,27
"664",8,9,9,26
"665",12,12,12,36
"666",9,9,12,30
"667",9,10,12,31
"668",6,12,8,26
"669",13,15,15,43
"670",12,13,12,37
"671",11,12,9,32
"672",10,11,11,32
"673",6,7,6,19
"674",9,3,12,24
"675",9,6,7,22
"676",14,12,12,38
"677",12,12,13,37
"678",15,15,15,45
"679",11,15,15,41
"680",6,6,6,18
"681",10,10,10,30
"682",13,15,12,40
"683",9,9,9,27
"684",10,12,9,31
"685",10,12,15,37
"686",13,12,13,38
"687",9,8,8,25
"688",13,15,12,40
"689",12,11,11,34
"690",8,6,7,21
"691",12,12,12,36
"692",7,6,6,19
"693",12,12,12,36
"694",8,11,11,30
"695",7,9,6,22
"696",11,9,9,29
"697",9,9,9,27
"698",13,12,13,38
"699",9,9,9,27
"700",7,6,7,20
"701",10,12,10,32
"702",9,8,8,25
"703",13,15,15,43
"704",14,15,12,41
"705",9,9,9,27
"706",12,12,15,39
"707",7,8,8,23
"708",9,9,9,27
"709",7,9,9,25
"710",13,15,15,43
"711",13,14,13,40
"712",6,10,11,27
"713",8,9,7,24
"714",10,10,10,30
"715",9,9,6,24
"716",12,12,12,36
"717",9,9,9,27
"718",13,13,13,39
"719",15,13,15,43
"720",4,6,3,13
"721",9,9,9,27
"722",9,9,9,27
"723",9,7,8,24
"724",10,12,14,36
"725",11,11,8,30
"726",8,8,8,24
"727",9,9,9,27
"728",11,11,11,33
"729",11,12,9,32
"730",11,10,8,29
"731",12,12,12,36
"732",12,12,12,36
"733",9,9,12,30
"734",10,12,9,31
"735",10,10,10,30
"736",12,12,12,36
"737",15,15,15,45
"738",10,11,11,32
"739",8,8,8,24
"740",11,11,11,33
"741",9,9,9,27
"742",9,8,8,25
"743",11,9,9,29
"744",10,12,13,35
"745",9,9,9,27
"746",12,12,12,36
"747",7,6,6,19
"748",12,12,12,36
"749",8,11,9,28
"750",9,9,9,27
"751",9,10,9,28
"752",10,10,11,31
"753",9,9,9,27
"754",6,6,7,19
"755",10,7,7,24
"756",7,8,8,23
"757",11,10,10,31
"758",7,9,9,25
"759",12,12,12,36
"760",10,9,9,28
"761",13,13,15,41
"762",7,9,9,25
"763",9,10,8,27
"764",10,11,10,31
"765",12,12,12,36
"766",11,10,10,31
"767",9,9,9,27
"768",9,9,9,27
"769",11,11,9,31
"770",13,13,15,41
"771",9,12,15,36
"772",12,13,15,40
"773",7,9,6,22
"774",12,14,14,40
"775",14,15,12,41
"776",7,7,7,21
"777",12,13,13,38
"778",9,9,9,27
"779",8,10,9,27
"780",8,8,10,26
"781",7,9,9,25
"782",10,12,12,34
"783",9,9,7,25
"784",14,13,13,40
"785",10,10,10,30
"786",8,6,9,23
"787",11,9,12,32
"788",8,9,12,29
"789",10,11,7,28
"790",8,9,11,28
"791",9,9,11,29
"792",7,9,9,25
"793",9,9,9,27
"794",11,12,12,35
"795",10,11,10,31
"796",8,10,9,27
"797",10,11,12,33
"798",9,9,9,27
"799",9,9,12,30
"800",9,10,8,27
"801",10,9,9,28
"802",15,15,15,45
"803",7,8,6,21
"804",10,10,9,29
"805",11,12,12,35
"806",4,6,3,13
"807",10,10,10,30
"808",7,8,8,23
"809",11,12,12,35
"810",8,10,8,26
"811",12,12,12,36
"812",9,9,9,27
"813",8,9,6,23
"814",15,15,15,45
"815",15,15,15,45
"816",13,13,13,39
"817",5,8,6,19
"818",14,15,14,43
"819",11,9,9,29
"820",13,13,13,39
"821",10,10,10,30
"822",12,12,12,36
"823",12,12,13,37
"824",14,15,14,43
"825",8,6,7,21
"826",11,12,11,34
"827",8,7,5,20
"828",8,12,9,29
"829",9,9,9,27
"830",7,9,9,25
"831",8,9,6,23
"832",11,15,9,35
"833",3,3,3,9
"834",8,7,7,22
"835",11,12,12,35
"836",7,7,7,21
"837",12,12,12,36
"838",12,12,11,35
"839",14,13,14,41
"840",14,14,12,40
"841",14,14,15,43
"842",11,9,9,29
"843",7,9,9,25
"844",9,9,9,27
"845",9,10,5,24
"846",8,10,9,27
"847",9,9,9,27
"848",11,12,12,35
"849",10,9,9,28
"850",9,9,9,27
"851",13,12,15,40
"852",13,15,15,43
"853",9,9,9,27
"854",9,9,9,27
"855",11,12,14,37
"856",11,11,11,33
"857",6,6,9,21
"858",8,10,9,27
"859",12,12,12,36
"860",3,3,3,9
"861",9,9,10,28
"862",11,12,12,35
"863",8,12,9,29
"864",3,7,7,17
"865",8,6,9,23
"866",9,11,9,29
"867",11,11,11,33
"868",13,15,15,43
"869",11,10,12,33
"870",15,15,15,45
"871",5,6,8,19
"872",10,8,8,26
"873",12,12,12,36
"874",12,12,12,36
"875",11,15,12,38
"876",9,9,12,30
"877",14,11,11,36
"878",8,9,10,27
"879",9,9,9,27
"880",15,15,13,43
"881",13,15,13,41
"882",10,9,11,30
"883",9,9,9,27
"884",9,9,9,27
"885",12,12,12,36
"886",15,12,12,39
"887",10,12,12,34
"888",9,9,9,27
"889",11,12,12,35
"890",9,9,9,27
"891",12,12,12,36
"892",9,10,9,28
"893",15,15,15,45
"894",9,13,12,34
"895",12,11,10,33
"896",9,9,9,27
"897",11,9,11,31
"898",12,12,10,34
"899",9,9,9,27
"900",14,15,12,41
"901",7,6,6,19
"902",10,11,9,30
"903",7,8,6,21
"904",12,12,12,36
"905",15,15,15,45
"906",6,6,5,17
"907",10,11,11,32
"908",10,12,9,31
"909",8,6,6,20
"910",11,8,9,28
"911",11,12,9,32
"912",9,9,7,25
"913",12,12,12,36
"914",9,7,8,24
"915",13,13,11,37
"916",7,9,9,25
"917",11,15,15,41
"918",8,9,8,25
"919",14,15,15,44
"920",13,15,15,43
"921",9,9,9,27
"922",9,9,10,28
"923",10,11,11,32
"924",14,15,12,41
"925",11,9,9,29
"926",9,9,9,27
"927",15,15,15,45
"928",9,9,9,27
"929",9,10,7,26
"930",11,12,12,35
"931",11,12,12,35
"932",13,14,15,42
"933",13,12,11,36
"934",12,12,12,36
"935",8,11,8,27
"936",14,15,15,44
"937",5,6,7,18
"938",8,8,9,25
"939",10,12,13,35
"940",6,6,8,20
"941",15,15,15,45
"942",8,6,6,20
"943",10,9,10,29
"944",12,12,12,36
"945",3,3,3,9
"946",9,7,7,23
"947",8,6,6,20
"948",9,9,9,27
"949",6,8,7,21
"950",11,15,15,41
"951",9,11,13,33
"952",12,13,13,38
"953",12,12,10,34
"954",11,11,11,33
"955",12,12,12,36
"956",11,12,12,35
"957",7,9,10,26
"958",4,5,5,14
"959",9,15,9,33
"960",8,9,9,26
"961",13,15,7,35
"962",13,13,13,39
"963",9,10,9,28
"964",10,12,12,34
"965",7,6,6,19
"966",9,9,9,27
"967",13,12,13,38
"968",11,10,10,31
"969",12,14,11,37
"970",11,11,11,33
"971",12,12,11,35
"972",10,12,12,34
"973",15,15,15,45
"974",9,10,11,30
"975",5,6,6,17
"976",6,6,10,22
"977",10,11,9,30
"978",10,12,11,33
"979",12,11,11,34
"980",8,9,9,26
"981",12,14,14,40
"982",10,10,11,31
"983",9,9,9,27
"984",10,13,12,35
"985",14,13,13,40
"986",15,15,15,45
"987",12,15,9,36
"988",13,15,15,43
"989",8,9,9,26
"990",7,6,6,19
"991",5,7,8,20
"992",12,11,11,34
"993",11,8,3,22
"994",6,7,7,20
"995",13,13,15,41
"996",12,12,12,36
"997",14,14,14,42
"998",12,12,12,36
"999",9,9,9,27
"1000",9,9,9,27
"1001",6,6,6,18
"1002",6,8,10,24
"1003",9,9,9,27
"1004",14,15,15,44
"1005",6,6,6,18
"1006",8,6,6,20
"1007",11,11,11,33
"1008",7,6,7,20
"1009",12,10,9,31
"1010",12,11,11,34
"1011",10,10,9,29
"1012",6,6,6,18
"1013",6,9,4,19
"1014",10,9,9,28
"1015",15,15,15,45
"1016",10,10,9,29
"1017",6,8,9,23
"1018",13,13,14,40
"1019",11,12,8,31
"1020",11,11,6,28
"1021",12,12,12,36
"1022",9,9,9,27
"1023",10,12,12,34
"1024",8,6,9,23
"1025",12,12,12,36
"1026",9,10,9,28
"1027",8,8,12,28
"1028",8,9,10,27
"1029",12,11,13,36
"1030",6,6,6,18
"1031",8,10,9,27
"1032",12,12,12,36
"1033",10,12,10,32
"1034",13,13,13,39
"1035",9,9,9,27
"1036",5,9,9,23
"1037",8,9,9,26
"1038",12,12,12,36
"1039",10,11,11,32
"1040",15,15,15,45
"1041",8,10,8,26
"1042",13,12,14,39
"1043",9,9,8,26
"1044",9,9,9,27
"1045",7,9,9,25
"1046",9,9,9,27
"1047",6,6,11,23
"1048",6,6,9,21
"1049",10,12,9,31
"1050",12,12,12,36
"1051",9,9,9,27
"1052",11,10,9,30
"1053",15,15,15,45
"1054",6,6,6,18
"1055",5,9,6,20
"1056",12,12,12,36
"1057",15,15,15,45
"1058",10,8,10,28
"1059",13,15,13,41
"1060",10,11,8,29
"1061",12,12,12,36
"1062",8,11,10,29
"1063",15,15,15,45
"1064",6,6,3,15
"1065",11,13,13,37
"1066",9,6,7,22
"1067",8,9,12,29
"1068",9,9,9,27
"1069",10,9,9,28
"1070",10,13,10,33
"1071",4,5,6,15
"1072",9,9,8,26
"1073",10,10,9,29
"1074",12,11,12,35
"1075",7,6,5,18
"1076",7,7,7,21
"1077",7,6,9,22
"1078",7,6,6,19
"1079",13,15,12,40
"1080",15,13,12,40
"1081",5,6,8,19
"1082",7,7,7,21
"1083",11,15,15,41
"1084",10,12,12,34
"1085",11,12,12,35
"1086",5,8,8,21
"1087",10,12,12,34
"1088",7,5,5,17
"1089",13,13,11,37
"1090",9,9,9,27
"1091",13,12,13,38
"1092",12,12,12,36
"1093",13,15,15,43
"1094",11,13,10,34
"1095",13,15,12,40
"1096",15,15,15,45
"1097",10,11,12,33
"1098",9,8,8,25
"1099",10,12,12,34
"1100",12,13,13,38
"1101",7,9,6,22
"1102",8,9,8,25
"1103",3,3,3,9
"1104",11,12,12,35
"1105",15,15,14,44
"1106",11,12,12,35
"1107",9,10,9,28
"1108",13,13,12,38
"1109",6,6,6,18
"1110",9,7,9,25
"1111",12,12,12,36
"1112",9,9,12,30
"1113",5,5,5,15
"1114",4,5,3,12
"1115",11,11,12,34
"1116",12,12,9,33
"1117",9,9,9,27
"1118",9,7,7,23
"1119",11,12,12,35
"1120",13,14,12,39
"1121",9,9,9,27
"1122",6,6,6,18
"1123",6,5,5,16
"1124",9,9,9,27
"1125",9,9,9,27
"1126",9,9,9,27
"1127",12,13,11,36
"1128",9,9,9,27
"1129",9,10,9,28
"1130",9,12,8,29
"1131",9,9,10,28
"1132",8,8,8,24
"1133",9,9,9,27
"1134",6,6,6,18
"1135",9,9,9,27
"1136",10,12,12,34
"1137",14,14,12,40
"1138",9,9,11,29
"1139",14,15,15,44
"1140",10,9,9,28
"1141",12,12,14,38
"1142",8,8,8,24
"1143",6,7,6,19
"1144",5,7,9,21
"1145",11,12,12,35
"1146",9,11,9,29
"1147",13,13,13,39
"1148",12,12,12,36
"1149",10,10,9,29
"1150",12,9,9,30
"1151",9,9,9,27
"1152",9,9,10,28
"1153",10,10,11,31
"1154",11,12,11,34
"1155",15,15,15,45
"1156",11,10,10,31
"1157",12,12,12,36
"1158",12,12,12,36
"1159",6,12,9,27
"1160",12,12,10,34
"1161",6,5,7,18
"1162",10,12,12,34
"1163",11,12,9,32
"1164",11,9,9,29
"1165",9,9,10,28
"1166",10,12,12,34
"1167",11,9,10,30
"1168",15,15,15,45
"1169",6,7,9,22
"1170",13,13,13,39
"1171",12,11,12,35
"1172",9,15,12,36
"1173",10,8,13,31
"1174",9,9,9,27
"1175",7,6,9,22
"1176",13,13,14,40
"1177",10,8,8,26
"1178",11,10,12,33
"1179",7,7,9,23
"1180",6,6,6,18
"1181",15,15,15,45
"1182",4,3,3,10
"1183",8,11,12,31
"1184",5,4,4,13
"1185",8,12,8,28
"1186",11,9,8,28
"1187",8,8,8,24
"1188",10,15,15,40
"1189",11,11,10,32
"1190",14,14,11,39
"1191",9,9,9,27
"1192",4,3,6,13
"1193",15,15,13,43
"1194",11,8,11,30
"1195",9,10,10,29
"1196",13,13,11,37
"1197",15,15,15,45
"1198",12,11,11,34
"1199",8,7,6,21
"1200",9,10,10,29
"1201",7,9,9,25
"1202",8,9,12,29
"1203",15,15,15,45
"1204",11,10,11,32
"1205",12,10,10,32
"1206",9,9,9,27
"1207",13,15,12,40
"1208",13,13,14,40
"1209",14,14,12,40
"1210",13,13,13,39
"1211",7,8,8,23
"1212",9,9,9,27
"1213",12,13,10,35
"1214",9,9,9,27
"1215",12,12,12,36
"1216",9,9,6,24
"1217",8,8,8,24
"1218",9,9,9,27
"1219",15,15,14,44
"1220",12,13,13,38
"1221",10,10,10,30
"1222",10,9,9,28
"1223",7,3,3,13
"1224",5,6,7,18
"1225",8,9,6,23
"1226",13,15,15,43
"1227",9,8,8,25
"1228",15,15,15,45
"1229",9,12,10,31
"1230",11,13,14,38
"1231",9,10,9,28
"1232",8,9,9,26
"1233",14,14,13,41
"1234",11,14,11,36
"1235",12,12,12,36
"1236",9,9,9,27
"1237",9,9,9,27
"1238",14,15,15,44
"1239",9,9,9,27
"1240",10,12,9,31
"1241",7,9,9,25
"1242",6,6,6,18
"1243",5,5,4,14
"1244",7,8,8,23
"1245",12,13,12,37
"1246",11,12,12,35
"1247",12,12,12,36
"1248",6,7,9,22
"1249",15,12,13,40
"1250",12,12,12,36
"1251",9,12,10,31
"1252",9,15,12,36
"1253",11,12,13,36
"1254",12,12,12,36
"1255",15,15,14,44
"1256",12,12,12,36
"1257",9,11,7,27
"1258",10,8,9,27
"1259",12,12,10,34
"1260",7,8,9,24
"1261",11,12,11,34
"1262",8,9,9,26
"1263",11,12,9,32
"1264",7,8,7,22
"1265",10,12,12,34
"1266",12,13,13,38
"1267",15,15,15,45
"1268",13,14,14,41
"1269",12,9,10,31
"1270",9,9,9,27
"1271",12,12,11,35
"1272",7,9,8,24
"1273",7,7,7,21
"1274",9,9,7,25
"1275",9,9,9,27
"1276",12,12,12,36
"1277",9,9,6,24
"1278",12,14,14,40
"1279",3,3,3,9
"1280",12,11,11,34
"1281",5,7,7,19
"1282",11,9,12,32
"1283",11,12,11,34
"1284",8,9,9,26
"1285",12,12,12,36
"1286",15,15,15,45
"1287",6,8,6,20
"1288",11,11,10,32
"1289",3,3,3,9
"1290",10,12,9,31
"1291",12,12,12,36
"1292",13,12,13,38
"1293",13,15,15,43
"1294",13,12,12,37
"1295",13,12,13,38
"1296",6,8,6,20
"1297",12,15,15,42
"1298",11,11,11,33
"1299",9,12,12,33
"1300",12,12,12,36
"1301",11,12,12,35
"1302",9,11,6,26
"1303",11,10,10,31
"1304",8,6,7,21
"1305",9,12,12,33
"1306",7,7,7,21
"1307",12,12,11,35
"1308",11,10,8,29
"1309",7,9,6,22
"1310",12,12,11,35
"1311",11,15,10,36
"1312",13,15,15,43
"1313",12,12,12,36
"1314",14,14,15,43
"1315",12,12,12,36
"1316",12,12,12,36
"1317",13,12,12,37
"1318",11,8,10,29
"1319",9,9,9,27
"1320",15,15,15,45
"1321",10,12,9,31
"1322",13,13,11,37
"1323",8,9,12,29
"1324",7,3,3,13
"1325",4,7,8,19
"1326",11,12,12,35
"1327",12,12,13,37
"1328",15,15,15,45
"1329",9,9,6,24
"1330",4,5,7,16
"1331",12,10,10,32
"1332",8,12,6,26
"1333",8,8,6,22
"1334",9,9,9,27
"1335",3,3,3,9
"1336",7,9,9,25
"1337",14,12,12,38
"1338",6,9,8,23
"1339",7,6,6,19
"1340",13,15,15,43
"1341",9,9,9,27
"1342",8,12,12,32
"1343",9,9,10,28
"1344",7,8,6,21
"1345",14,14,13,41
"1346",13,12,12,37
"1347",12,10,11,33
"1348",12,12,12,36
"1349",7,8,8,23
"1350",13,12,12,37
"1351",13,14,14,41
"1352",8,9,6,23
"1353",9,9,10,28
"1354",8,6,8,22
"1355",12,10,10,32
"1356",7,6,6,19
"1357",7,9,7,23
"1358",6,6,6,18
"1359",13,13,13,39
"1360",6,6,7,19
"1361",6,6,7,19
"1362",8,6,8,22
"1363",6,6,5,17
"1364",7,9,8,24
"1365",13,12,11,36
"1366",11,10,11,32
"1367",9,9,9,27
"1368",6,6,6,18
"1369",9,6,4,19
"1370",10,9,11,30
"1371",6,6,9,21
"1372",13,13,13,39
"1373",11,12,11,34
"1374",9,13,13,35
"1375",10,10,10,30
"1376",12,12,12,36
"1377",12,12,12,36
"1378",10,10,10,30
"1379",11,12,11,34
"1380",7,11,9,27
"1381",15,15,15,45
"1382",8,9,8,25
"1383",9,9,9,27
"1384",7,6,5,18
"1385",12,12,10,34
"1386",12,12,12,36
"1387",12,11,11,34
"1388",12,11,8,31
"1389",11,9,9,29
"1390",9,9,9,27
"1391",14,15,15,44
"1392",5,9,9,23
"1393",13,15,15,43
"1394",13,12,9,34
"1395",11,10,10,31
"1396",11,10,10,31
"1397",13,14,13,40
"1398",9,9,15,33
"1399",11,11,11,33
"1400",9,8,7,24
"1401",8,7,9,24
"1402",11,13,10,34
"1403",11,12,10,33
"1404",12,12,12,36
"1405",10,10,9,29
"1406",7,6,7,20
"1407",8,8,9,25
"1408",6,6,6,18
"1409",9,12,12,33
"1410",15,15,15,45
"1411",13,9,6,28
"1412",9,9,10,28
"1413",10,11,7,28
"1414",10,15,12,37
"1415",9,11,11,31
"1416",12,12,9,33
"1417",10,11,12,33
"1418",8,9,6,23
"1419",9,9,9,27
"1420",10,9,9,28
"1421",12,12,11,35
"1422",6,7,6,19
"1423",9,9,9,27
"1424",10,12,12,34
"1425",15,15,15,45
"1426",11,10,10,31
"1427",11,12,13,36
"1428",9,9,9,27
"1429",5,6,6,17
"1430",7,8,9,24
"1431",12,12,12,36
"1432",6,6,6,18
"1433",11,9,9,29
"1434",10,9,9,28
"1435",13,15,15,43
"1436",9,9,9,27
"1437",12,12,10,34
"1438",10,10,9,29
"1439",12,12,12,36
"1440",9,9,11,29
"1441",8,9,9,26
"1442",5,6,6,17
"1443",10,12,12,34
"1444",8,9,9,26
"1445",9,9,9,27
"1446",11,12,12,35
"1447",12,12,12,36
"1448",13,14,13,40
"1449",10,12,12,34
"1450",12,12,9,33
"1451",9,8,9,26
"1452",14,15,15,44
"1453",12,12,12,36
"1454",9,9,9,27
"1455",9,9,6,24
"1456",9,9,6,24
"1457",12,10,10,32
"1458",14,15,15,44
"1459",9,7,6,22
"1460",6,6,7,19
"1461",7,9,6,22
"1462",11,12,15,38
"1463",10,12,15,37
"1464",10,10,12,32
"1465",11,12,12,35
"1466",9,9,9,27
"1467",12,11,11,34
"1468",10,11,11,32
"1469",10,10,9,29
"1470",11,9,12,32
"1471",9,9,9,27
"1472",3,4,3,10
"1473",11,10,11,32
"1474",11,12,12,35
"1475",13,13,12,38
"1476",11,12,12,35
"1477",6,6,5,17
"1478",9,12,13,34
"1479",5,6,6,17
"1480",14,15,12,41
"1481",8,7,6,21
"1482",11,12,12,35
"1483",10,11,11,32
"1484",12,12,11,35
"1485",12,12,12,36
"1486",12,12,12,36
"1487",6,7,7,20
"1488",11,12,9,32
"1489",9,10,6,25
"1490",14,13,15,42
"1491",8,8,7,23
"1492",11,11,11,33
"1493",11,9,10,30
"1494",11,12,12,35
"1495",9,9,9,27
"1496",9,9,9,27
"1497",9,9,7,25
"1498",10,10,10,30
"1499",9,9,9,27
"1500",11,8,8,27
"1501",11,12,10,33
"1502",11,11,8,30
"1503",13,12,12,37
"1504",10,8,9,27
"1505",9,9,10,28
"1506",12,12,12,36
"1507",15,15,15,45
"1508",9,9,9,27
"1509",10,10,10,30
"1510",14,14,12,40
"1511",12,10,8,30
"1512",10,12,12,34
"1513",10,12,9,31
"1514",13,14,13,40
"1515",9,9,9,27
"1516",13,15,15,43
"1517",12,12,12,36
"1518",8,8,8,24
"1519",8,11,9,28
"1520",6,5,8,19
"1521",10,12,12,34
"1522",11,12,10,33
"1523",11,13,12,36
"1524",13,13,12,38
"1525",12,11,11,34
"1526",10,9,11,30
"1527",8,6,6,20
"1528",9,8,7,24
"1529",6,6,6,18
"1530",10,12,11,33
"1531",7,8,8,23
"1532",13,15,15,43
"1533",10,12,11,33
"1534",15,15,15,45
"1535",12,12,12,36
"1536",9,12,12,33
"1537",9,9,9,27
"1538",13,12,8,33
"1539",14,15,15,44
"1540",11,12,10,33
"1541",9,12,9,30
"1542",8,10,6,24
"1543",12,12,10,34
"1544",10,7,6,23
"1545",10,9,9,28
"1546",8,12,9,29
"1547",15,15,12,42
"1548",11,12,12,35
"1549",11,11,11,33
"1550",14,15,14,43
"1551",10,9,9,28
"1552",10,12,10,32
"1553",10,9,11,30
"1554",3,3,3,9
"1555",11,13,13,37
"1556",9,13,11,33
"1557",12,12,12,36
"1558",14,10,8,32
"1559",14,15,15,44
"1560",7,8,8,23
"1561",9,8,9,26
"1562",15,15,13,43
"1563",10,8,8,26
"1564",13,15,12,40
"1565",9,10,9,28
"1566",10,9,9,28
"1567",13,15,15,43
"1568",12,12,12,36
"1569",11,7,9,27
"1570",9,9,9,27
"1571",12,12,13,37
"1572",8,7,11,26
"1573",10,12,12,34
"1574",10,9,8,27
"1575",11,12,11,34
"1576",10,12,12,34
"1577",13,13,10,36
"1578",9,9,10,28
"1579",8,9,7,24
"1580",12,11,11,34
"1581",9,9,6,24
"1582",12,12,15,39
"1583",8,9,9,26
"1584",10,10,10,30
"1585",12,11,11,34
"1586",12,13,12,37
"1587",12,12,12,36
"1588",12,12,11,35
"1589",12,11,11,34
"1590",4,7,3,14
"1591",4,5,3,12
"1592",8,11,9,28
"1593",11,9,9,29
"1594",9,10,10,29
"1595",9,9,11,29
"1596",9,9,9,27
"1597",12,12,12,36
"1598",8,9,9,26
"1599",11,11,8,30
"1600",12,12,9,33
"1601",12,15,14,41
"1602",7,9,8,24
"1603",12,12,11,35
"1604",8,7,7,22
"1605",6,6,6,18
"1606",12,12,12,36
"1607",5,6,8,19
"1608",13,12,12,37
"1609",15,15,15,45
"1610",9,9,9,27
"1611",8,9,9,26
"1612",11,10,9,30
"1613",9,9,9,27
"1614",15,15,14,44
"1615",6,6,7,19
"1616",8,7,6,21
"1617",8,6,6,20
"1618",9,13,12,34
"1619",13,14,14,41
"1620",7,8,8,23
"1621",7,8,7,22
"1622",9,9,9,27
"1623",10,12,15,37
"1624",9,9,9,27
"1625",12,13,12,37
"1626",11,12,10,33
"1627",10,11,11,32
"1628",7,6,6,19
"1629",13,15,10,38
"1630",12,12,10,34
"1631",8,9,7,24
"1632",9,9,9,27
"1633",9,9,9,27
"1634",10,12,6,28
"1635",10,12,9,31
"1636",9,9,7,25
"1637",13,12,12,37
"1638",12,12,12,36
"1639",13,11,9,33
"1640",11,12,12,35
"1641",9,9,9,27
"1642",13,13,13,39
"1643",12,13,12,37
"1644",15,15,15,45
"1645",12,13,14,39
"1646",8,9,6,23
"1647",12,12,11,35
"1648",11,13,12,36
"1649",8,7,3,18
"1650",10,12,9,31
"1651",11,13,15,39
"1652",15,15,15,45
"1653",14,14,13,41
"1654",9,9,6,24
"1655",8,8,9,25
"1656",9,8,8,25
"1657",11,12,11,34
"1658",12,12,12,36
"1659",11,10,9,30
"1660",5,5,5,15
"1661",8,7,9,24
"1662",12,12,12,36
"1663",12,12,12,36
"1664",12,15,9,36
"1665",14,15,15,44
"1666",8,8,8,24
"1667",9,9,9,27
"1668",13,15,15,43
"1669",10,12,12,34
"1670",8,8,5,21
"1671",12,12,7,31
"1672",12,12,11,35
"1673",10,12,15,37
"1674",9,10,10,29
"1675",10,9,9,28
"1676",15,15,15,45
"1677",6,6,6,18
"1678",11,13,13,37
"1679",14,12,15,41
"1680",12,13,12,37
"1681",12,12,13,37
"1682",12,12,12,36
"1683",10,10,10,30
"1684",9,9,9,27
"1685",12,11,11,34
"1686",7,7,7,21
"1687",9,12,9,30
"1688",11,12,12,35
"1689",15,14,13,42
"1690",12,14,15,41
"1691",10,12,9,31
"1692",12,12,12,36
"1693",14,15,13,42
"1694",9,9,9,27
"1695",9,12,9,30
"1696",12,12,12,36
"1697",12,12,12,36
"1698",12,11,11,34
"1699",11,10,9,30
"1700",13,15,14,42
"1701",6,6,6,18
"1702",8,10,10,28
"1703",11,12,8,31
"1704",12,12,15,39
"1705",12,12,10,34
"1706",10,10,11,31
"1707",13,15,11,39
"1708",9,9,8,26
"1709",13,10,11,34
"1710",11,9,7,27
"1711",11,9,7,27
"1712",4,8,7,19
"1713",10,12,11,33
"1714",10,12,9,31
"1715",9,9,10,28
"1716",6,6,6,18
"1717",13,11,11,35
"1718",4,6,3,13
"1719",10,9,12,31
"1720",11,10,10,31
"1721",9,9,9,27
"1722",9,11,11,31
"1723",11,12,15,38
"1724",12,13,12,37
"1725",13,15,15,43
"1726",5,8,9,22
"1727",8,9,9,26
"1728",8,6,6,20
"1729",5,6,6,17
"1730",7,7,8,22
"1731",13,13,10,36
"1732",15,15,12,42
"1733",12,12,12,36
"1734",11,12,12,35
"1735",7,3,12,22
"1736",8,8,9,25
"1737",7,3,4,14
"1738",10,12,9,31
"1739",7,5,5,17
"1740",9,6,6,21
"1741",11,10,12,33
"1742",9,10,8,27
"1743",12,15,15,42
"1744",3,3,3,9
"1745",11,12,13,36
"1746",8,9,7,24
"1747",9,11,11,31
"1748",10,11,11,32
"1749",6,6,6,18
"1750",11,10,10,31
"1751",10,10,12,32
"1752",5,6,5,16
"1753",12,12,12,36
"1754",11,10,10,31
"1755",9,10,9,28
"1756",12,12,11,35
"1757",10,12,14,36
"1758",10,9,12,31
"1759",13,13,12,38
"1760",11,11,11,33
"1761",13,12,12,37
"1762",11,10,10,31
"1763",11,12,10,33
"1764",11,12,11,34
"1765",10,8,6,24
"1766",11,10,10,31
"1767",9,8,9,26
"1768",7,7,7,21
"1769",5,8,7,20
"1770",8,10,8,26
"1771",9,9,7,25
"1772",11,10,7,28
"1773",6,6,5,17
"1774",13,15,13,41
"1775",8,12,4,24
"1776",9,11,6,26
"1777",11,12,9,32
"1778",10,7,10,27
"1779",7,10,9,26
"1780",11,9,9,29
"1781",6,9,12,27
"1782",4,8,13,25
"1783",9,9,9,27
"1784",10,10,9,29
"1785",7,13,12,32
"1786",9,9,9,27
"1787",10,11,11,32
"1788",12,12,12,36
"1789",4,5,6,15
"1790",10,9,9,28
"1791",13,14,13,40
"1792",15,15,15,45
"1793",6,6,6,18
"1794",9,11,9,29
"1795",10,10,10,30
"1796",9,9,9,27
"1797",12,13,11,36
"1798",14,10,12,36
"1799",12,14,12,38
"1800",7,9,9,25
"1801",10,13,13,36
"1802",9,10,8,27
"1803",11,11,11,33
"1804",12,15,15,42
"1805",12,12,12,36
"1806",11,9,10,30
"1807",11,12,12,35
"1808",9,9,9,27
"1809",11,15,15,41
"1810",11,15,10,36
"1811",9,9,12,30
"1812",14,13,13,40
"1813",15,14,13,42
"1814",12,12,12,36
"1815",11,15,14,40
"1816",11,9,9,29
"1817",14,13,13,40
"1818",12,11,8,31
"1819",10,9,9,28
"1820",10,9,9,28
"1821",10,12,9,31
"1822",9,9,9,27
"1823",11,13,13,37
"1824",10,9,9,28
"1825",13,13,15,41
"1826",9,9,9,27
"1827",9,12,12,33
"1828",12,12,10,34
"1829",12,14,14,40
"1830",9,9,10,28
"1831",12,12,9,33
"1832",9,9,9,27
"1833",12,12,12,36
"1834",9,9,9,27
"1835",12,12,9,33
"1836",9,9,8,26
"1837",6,6,9,21
"1838",6,6,6,18
"1839",10,12,12,34
"1840",12,12,12,36
"1841",12,12,11,35
"1842",13,12,12,37
"1843",8,9,9,26
"1844",13,15,15,43
"1845",13,13,10,36
"1846",9,9,9,27
"1847",9,9,9,27
"1848",13,12,12,37
"1849",5,7,9,21
"1850",12,15,12,39
"1851",6,6,6,18
"1852",9,9,9,27
"1853",15,15,15,45
"1854",13,12,14,39
"1855",12,12,12,36
"1856",10,13,10,33
"1857",5,8,9,22
"1858",9,9,9,27
"1859",11,10,8,29
"1860",11,13,9,33
"1861",12,12,12,36
"1862",8,9,8,25
"1863",10,12,10,32
"1864",11,10,9,30
"1865",9,9,9,27
"1866",8,9,8,25
"1867",9,9,9,27
"1868",8,12,10,30
"1869",11,15,12,38
"1870",7,10,10,27
"1871",14,13,12,39
"1872",14,15,12,41
"1873",11,15,15,41
"1874",14,15,14,43
"1875",6,6,6,18
"1876",10,12,10,32
"1877",9,8,8,25
"1878",10,9,10,29
"1879",7,9,6,22
"1880",6,6,6,18
"1881",9,12,6,27
"1882",9,9,9,27
"1883",10,9,10,29
"1884",12,11,11,34
"1885",10,9,9,28
"1886",11,11,9,31
"1887",9,10,9,28
"1888",10,9,10,29
"1889",14,13,15,42
"1890",9,9,9,27
"1891",7,12,12,31
"1892",9,9,8,26
"1893",11,9,9,29
"1894",9,9,9,27
"1895",9,9,9,27
"1896",10,12,12,34
"1897",7,6,6,19
"1898",9,9,9,27
"1899",14,15,15,44
"1900",7,9,8,24
"1901",9,9,9,27
"1902",10,9,9,28
"1903",9,11,11,31
"1904",10,9,10,29
"1905",13,15,12,40
"1906",10,14,14,38
"1907",11,12,12,35
"1908",10,12,9,31
"1909",12,13,13,38
"1910",7,15,15,37
"1911",7,10,10,27
"1912",11,9,11,31
"1913",10,12,12,34
"1914",8,11,10,29
"1915",8,9,10,27
"1916",9,9,9,27
"1917",10,10,8,28
"1918",8,9,11,28
"1919",10,10,10,30
"1920",6,6,6,18
"1921",13,13,12,38
"1922",8,9,9,26
"1923",15,14,13,42
"1924",8,12,12,32
"1925",6,6,9,21
"1926",9,9,9,27
"1927",7,6,6,19
"1928",6,7,9,22
"1929",11,10,13,34
"1930",6,12,3,21
"1931",10,11,11,32
"1932",4,4,5,13
"1933",12,12,12,36
"1934",14,12,12,38
"1935",9,11,12,32
"1936",9,7,12,28
"1937",15,15,15,45
"1938",12,12,12,36
"1939",9,12,12,33
"1940",7,9,6,22
"1941",7,6,8,21
"1942",9,9,9,27
"1943",14,15,15,44
"1944",11,12,9,32
"1945",6,6,6,18
"1946",13,14,15,42
"1947",10,11,9,30
"1948",9,9,9,27
"1949",7,12,9,28
"1950",13,15,9,37
"1951",11,10,7,28
